visiting(18,1)

[Lmap.Tile;@c26a30toVisit : (17,1) [21] ; (18,2) [41] ; 

   0 |1 |2 |3 |4 |5 |6 |7 |8 |9 |10|11|12|13|14|

0  -1|-1|-1|-1|-1|-1|-1|-1|-1|-1|-1|-1|-1|-1|-1|

1  -1| 1| 1| 1| 1| 1| 1| 1| 1| 1| 1| 1| 1| 1|-1|

2  -1| 1| 1| 1| 1| 1| 1| 1| 1| 1| 1| 1| 1| 1|-1|

3  -1| 1| 1| 1| 1| 1| 1| 1| 1| 1| 1| 1| 1| 1|-1|

4  -1| 1| 1| 1| 1| 1| 1| 1| 1| 1| 1| 1| 1| 1|-1|

5  -1| 1| 1| 1| 1| 1| 1| 1| 1| 1| 1| 1| 1| 1|-1|

6  -1| 1| 1| 1| 1| 1| 1| 1| 1| 1| 1| 1| 1| 1|-1|

7  -1| 1| 1| 1| 1| 1| 1| 1| 1| 1| 1| 1| 1| 1|-1|

8  -1| 1| 1| 1| 1| 1| 1| 1| 1| 1| 1| 1| 1| 1|-1|

9  -1| 1| 1| 1| 1| 1| 1| 1| 1| 1| 1| 1| 1| 1|-1|

10 -1| 1| 1| 1| 1| 1| 1| 1| 1| 1| 1| 1| 1| 1|-1|

11 -1| 1| 1| 1| 1| 1| 1| 1| 1| 1| 1| 1| 1| 1|-1|

12 -1| 1| 1| 1| 1| 1| 1| 1| 1| 1| 1| 1| 1| 1|-1|

13 -1| 1| 1| 1| 1| 1| 1| 1| 1| 1| 1| 1| 1| 1|-1|

14 -1| 1| 1| 1| 1| 1| 1| 1| 1| 1| 1| 1| 1| 1|-1|

15 -1| 1| 1| 1| 1| 1| 1| 1| 1| 1| 1| 1| 1| 1|-1|

16 -1| 1| 1| 1| 1| 1| 1| 1| 1| 1| 1| 1| 1| 1|-1|

17 -1|21| 1| 1| 1| 1| 1| 1| 1| 1| 1| 1| 1| 1|-1|

18 -1| 0|41| 1| 1| 1| 1| 1| 1| 1| 1| 1| 1| 1|-1|

19 -1|-1|-1|-1|-1|-1|-1|-1|-1|-1|-1|-1|-1|-1|-1|


visiting(17,1)

[Lmap.Tile;@c26a30toVisit : (18,2) [41] ; (16,1) [22] ; (17,2) [42] ; 

   0 |1 |2 |3 |4 |5 |6 |7 |8 |9 |10|11|12|13|14|

0  -1|-1|-1|-1|-1|-1|-1|-1|-1|-1|-1|-1|-1|-1|-1|

1  -1| 1| 1| 1| 1| 1| 1| 1| 1| 1| 1| 1| 1| 1|-1|

2  -1| 1| 1| 1| 1| 1| 1| 1| 1| 1| 1| 1| 1| 1|-1|

3  -1| 1| 1| 1| 1| 1| 1| 1| 1| 1| 1| 1| 1| 1|-1|

4  -1| 1| 1| 1| 1| 1| 1| 1| 1| 1| 1| 1| 1| 1|-1|

5  -1| 1| 1| 1| 1| 1| 1| 1| 1| 1| 1| 1| 1| 1|-1|

6  -1| 1| 1| 1| 1| 1| 1| 1| 1| 1| 1| 1| 1| 1|-1|

7  -1| 1| 1| 1| 1| 1| 1| 1| 1| 1| 1| 1| 1| 1|-1|

8  -1| 1| 1| 1| 1| 1| 1| 1| 1| 1| 1| 1| 1| 1|-1|

9  -1| 1| 1| 1| 1| 1| 1| 1| 1| 1| 1| 1| 1| 1|-1|

10 -1| 1| 1| 1| 1| 1| 1| 1| 1| 1| 1| 1| 1| 1|-1|

11 -1| 1| 1| 1| 1| 1| 1| 1| 1| 1| 1| 1| 1| 1|-1|

12 -1| 1| 1| 1| 1| 1| 1| 1| 1| 1| 1| 1| 1| 1|-1|

13 -1| 1| 1| 1| 1| 1| 1| 1| 1| 1| 1| 1| 1| 1|-1|

14 -1| 1| 1| 1| 1| 1| 1| 1| 1| 1| 1| 1| 1| 1|-1|

15 -1| 1| 1| 1| 1| 1| 1| 1| 1| 1| 1| 1| 1| 1|-1|

16 -1|22| 1| 1| 1| 1| 1| 1| 1| 1| 1| 1| 1| 1|-1|

17 -1|21|42| 1| 1| 1| 1| 1| 1| 1| 1| 1| 1| 1|-1|

18 -1| 0|41| 1| 1| 1| 1| 1| 1| 1| 1| 1| 1| 1|-1|

19 -1|-1|-1|-1|-1|-1|-1|-1|-1|-1|-1|-1|-1|-1|-1|


visiting(16,1)

[Lmap.Tile;@c26a30toVisit : (18,2) [41] ; (17,2) [42] ; (15,1) [23] ; (16,2) [43] ; 

   0 |1 |2 |3 |4 |5 |6 |7 |8 |9 |10|11|12|13|14|

0  -1|-1|-1|-1|-1|-1|-1|-1|-1|-1|-1|-1|-1|-1|-1|

1  -1| 1| 1| 1| 1| 1| 1| 1| 1| 1| 1| 1| 1| 1|-1|

2  -1| 1| 1| 1| 1| 1| 1| 1| 1| 1| 1| 1| 1| 1|-1|

3  -1| 1| 1| 1| 1| 1| 1| 1| 1| 1| 1| 1| 1| 1|-1|

4  -1| 1| 1| 1| 1| 1| 1| 1| 1| 1| 1| 1| 1| 1|-1|

5  -1| 1| 1| 1| 1| 1| 1| 1| 1| 1| 1| 1| 1| 1|-1|

6  -1| 1| 1| 1| 1| 1| 1| 1| 1| 1| 1| 1| 1| 1|-1|

7  -1| 1| 1| 1| 1| 1| 1| 1| 1| 1| 1| 1| 1| 1|-1|

8  -1| 1| 1| 1| 1| 1| 1| 1| 1| 1| 1| 1| 1| 1|-1|

9  -1| 1| 1| 1| 1| 1| 1| 1| 1| 1| 1| 1| 1| 1|-1|

10 -1| 1| 1| 1| 1| 1| 1| 1| 1| 1| 1| 1| 1| 1|-1|

11 -1| 1| 1| 1| 1| 1| 1| 1| 1| 1| 1| 1| 1| 1|-1|

12 -1| 1| 1| 1| 1| 1| 1| 1| 1| 1| 1| 1| 1| 1|-1|

13 -1| 1| 1| 1| 1| 1| 1| 1| 1| 1| 1| 1| 1| 1|-1|

14 -1| 1| 1| 1| 1| 1| 1| 1| 1| 1| 1| 1| 1| 1|-1|

15 -1|23| 1| 1| 1| 1| 1| 1| 1| 1| 1| 1| 1| 1|-1|

16 -1|22|43| 1| 1| 1| 1| 1| 1| 1| 1| 1| 1| 1|-1|

17 -1|21|42| 1| 1| 1| 1| 1| 1| 1| 1| 1| 1| 1|-1|

18 -1| 0|41| 1| 1| 1| 1| 1| 1| 1| 1| 1| 1| 1|-1|

19 -1|-1|-1|-1|-1|-1|-1|-1|-1|-1|-1|-1|-1|-1|-1|


visiting(15,1)

[Lmap.Tile;@c26a30toVisit : (18,2) [41] ; (17,2) [42] ; (16,2) [43] ; (14,1) [24] ; (15,2) [44] ; 

   0 |1 |2 |3 |4 |5 |6 |7 |8 |9 |10|11|12|13|14|

0  -1|-1|-1|-1|-1|-1|-1|-1|-1|-1|-1|-1|-1|-1|-1|

1  -1| 1| 1| 1| 1| 1| 1| 1| 1| 1| 1| 1| 1| 1|-1|

2  -1| 1| 1| 1| 1| 1| 1| 1| 1| 1| 1| 1| 1| 1|-1|

3  -1| 1| 1| 1| 1| 1| 1| 1| 1| 1| 1| 1| 1| 1|-1|

4  -1| 1| 1| 1| 1| 1| 1| 1| 1| 1| 1| 1| 1| 1|-1|

5  -1| 1| 1| 1| 1| 1| 1| 1| 1| 1| 1| 1| 1| 1|-1|

6  -1| 1| 1| 1| 1| 1| 1| 1| 1| 1| 1| 1| 1| 1|-1|

7  -1| 1| 1| 1| 1| 1| 1| 1| 1| 1| 1| 1| 1| 1|-1|

8  -1| 1| 1| 1| 1| 1| 1| 1| 1| 1| 1| 1| 1| 1|-1|

9  -1| 1| 1| 1| 1| 1| 1| 1| 1| 1| 1| 1| 1| 1|-1|

10 -1| 1| 1| 1| 1| 1| 1| 1| 1| 1| 1| 1| 1| 1|-1|

11 -1| 1| 1| 1| 1| 1| 1| 1| 1| 1| 1| 1| 1| 1|-1|

12 -1| 1| 1| 1| 1| 1| 1| 1| 1| 1| 1| 1| 1| 1|-1|

13 -1| 1| 1| 1| 1| 1| 1| 1| 1| 1| 1| 1| 1| 1|-1|

14 -1|24| 1| 1| 1| 1| 1| 1| 1| 1| 1| 1| 1| 1|-1|

15 -1|23|44| 1| 1| 1| 1| 1| 1| 1| 1| 1| 1| 1|-1|

16 -1|22|43| 1| 1| 1| 1| 1| 1| 1| 1| 1| 1| 1|-1|

17 -1|21|42| 1| 1| 1| 1| 1| 1| 1| 1| 1| 1| 1|-1|

18 -1| 0|41| 1| 1| 1| 1| 1| 1| 1| 1| 1| 1| 1|-1|

19 -1|-1|-1|-1|-1|-1|-1|-1|-1|-1|-1|-1|-1|-1|-1|


visiting(14,1)

[Lmap.Tile;@c26a30toVisit : (18,2) [41] ; (17,2) [42] ; (16,2) [43] ; (15,2) [44] ; (13,1) [25] ; (14,2) [45] ; 

   0 |1 |2 |3 |4 |5 |6 |7 |8 |9 |10|11|12|13|14|

0  -1|-1|-1|-1|-1|-1|-1|-1|-1|-1|-1|-1|-1|-1|-1|

1  -1| 1| 1| 1| 1| 1| 1| 1| 1| 1| 1| 1| 1| 1|-1|

2  -1| 1| 1| 1| 1| 1| 1| 1| 1| 1| 1| 1| 1| 1|-1|

3  -1| 1| 1| 1| 1| 1| 1| 1| 1| 1| 1| 1| 1| 1|-1|

4  -1| 1| 1| 1| 1| 1| 1| 1| 1| 1| 1| 1| 1| 1|-1|

5  -1| 1| 1| 1| 1| 1| 1| 1| 1| 1| 1| 1| 1| 1|-1|

6  -1| 1| 1| 1| 1| 1| 1| 1| 1| 1| 1| 1| 1| 1|-1|

7  -1| 1| 1| 1| 1| 1| 1| 1| 1| 1| 1| 1| 1| 1|-1|

8  -1| 1| 1| 1| 1| 1| 1| 1| 1| 1| 1| 1| 1| 1|-1|

9  -1| 1| 1| 1| 1| 1| 1| 1| 1| 1| 1| 1| 1| 1|-1|

10 -1| 1| 1| 1| 1| 1| 1| 1| 1| 1| 1| 1| 1| 1|-1|

11 -1| 1| 1| 1| 1| 1| 1| 1| 1| 1| 1| 1| 1| 1|-1|

12 -1| 1| 1| 1| 1| 1| 1| 1| 1| 1| 1| 1| 1| 1|-1|

13 -1|25| 1| 1| 1| 1| 1| 1| 1| 1| 1| 1| 1| 1|-1|

14 -1|24|45| 1| 1| 1| 1| 1| 1| 1| 1| 1| 1| 1|-1|

15 -1|23|44| 1| 1| 1| 1| 1| 1| 1| 1| 1| 1| 1|-1|

16 -1|22|43| 1| 1| 1| 1| 1| 1| 1| 1| 1| 1| 1|-1|

17 -1|21|42| 1| 1| 1| 1| 1| 1| 1| 1| 1| 1| 1|-1|

18 -1| 0|41| 1| 1| 1| 1| 1| 1| 1| 1| 1| 1| 1|-1|

19 -1|-1|-1|-1|-1|-1|-1|-1|-1|-1|-1|-1|-1|-1|-1|


visiting(13,1)

[Lmap.Tile;@c26a30toVisit : (18,2) [41] ; (17,2) [42] ; (16,2) [43] ; (15,2) [44] ; (14,2) [45] ; (12,1) [26] ; (13,2) [46] ; 

   0 |1 |2 |3 |4 |5 |6 |7 |8 |9 |10|11|12|13|14|

0  -1|-1|-1|-1|-1|-1|-1|-1|-1|-1|-1|-1|-1|-1|-1|

1  -1| 1| 1| 1| 1| 1| 1| 1| 1| 1| 1| 1| 1| 1|-1|

2  -1| 1| 1| 1| 1| 1| 1| 1| 1| 1| 1| 1| 1| 1|-1|

3  -1| 1| 1| 1| 1| 1| 1| 1| 1| 1| 1| 1| 1| 1|-1|

4  -1| 1| 1| 1| 1| 1| 1| 1| 1| 1| 1| 1| 1| 1|-1|

5  -1| 1| 1| 1| 1| 1| 1| 1| 1| 1| 1| 1| 1| 1|-1|

6  -1| 1| 1| 1| 1| 1| 1| 1| 1| 1| 1| 1| 1| 1|-1|

7  -1| 1| 1| 1| 1| 1| 1| 1| 1| 1| 1| 1| 1| 1|-1|

8  -1| 1| 1| 1| 1| 1| 1| 1| 1| 1| 1| 1| 1| 1|-1|

9  -1| 1| 1| 1| 1| 1| 1| 1| 1| 1| 1| 1| 1| 1|-1|

10 -1| 1| 1| 1| 1| 1| 1| 1| 1| 1| 1| 1| 1| 1|-1|

11 -1| 1| 1| 1| 1| 1| 1| 1| 1| 1| 1| 1| 1| 1|-1|

12 -1|26| 1| 1| 1| 1| 1| 1| 1| 1| 1| 1| 1| 1|-1|

13 -1|25|46| 1| 1| 1| 1| 1| 1| 1| 1| 1| 1| 1|-1|

14 -1|24|45| 1| 1| 1| 1| 1| 1| 1| 1| 1| 1| 1|-1|

15 -1|23|44| 1| 1| 1| 1| 1| 1| 1| 1| 1| 1| 1|-1|

16 -1|22|43| 1| 1| 1| 1| 1| 1| 1| 1| 1| 1| 1|-1|

17 -1|21|42| 1| 1| 1| 1| 1| 1| 1| 1| 1| 1| 1|-1|

18 -1| 0|41| 1| 1| 1| 1| 1| 1| 1| 1| 1| 1| 1|-1|

19 -1|-1|-1|-1|-1|-1|-1|-1|-1|-1|-1|-1|-1|-1|-1|


visiting(12,1)

[Lmap.Tile;@c26a30toVisit : (18,2) [41] ; (17,2) [42] ; (16,2) [43] ; (15,2) [44] ; (14,2) [45] ; (13,2) [46] ; (11,1) [27] ; (12,2) [47] ; 

   0 |1 |2 |3 |4 |5 |6 |7 |8 |9 |10|11|12|13|14|

0  -1|-1|-1|-1|-1|-1|-1|-1|-1|-1|-1|-1|-1|-1|-1|

1  -1| 1| 1| 1| 1| 1| 1| 1| 1| 1| 1| 1| 1| 1|-1|

2  -1| 1| 1| 1| 1| 1| 1| 1| 1| 1| 1| 1| 1| 1|-1|

3  -1| 1| 1| 1| 1| 1| 1| 1| 1| 1| 1| 1| 1| 1|-1|

4  -1| 1| 1| 1| 1| 1| 1| 1| 1| 1| 1| 1| 1| 1|-1|

5  -1| 1| 1| 1| 1| 1| 1| 1| 1| 1| 1| 1| 1| 1|-1|

6  -1| 1| 1| 1| 1| 1| 1| 1| 1| 1| 1| 1| 1| 1|-1|

7  -1| 1| 1| 1| 1| 1| 1| 1| 1| 1| 1| 1| 1| 1|-1|

8  -1| 1| 1| 1| 1| 1| 1| 1| 1| 1| 1| 1| 1| 1|-1|

9  -1| 1| 1| 1| 1| 1| 1| 1| 1| 1| 1| 1| 1| 1|-1|

10 -1| 1| 1| 1| 1| 1| 1| 1| 1| 1| 1| 1| 1| 1|-1|

11 -1|27| 1| 1| 1| 1| 1| 1| 1| 1| 1| 1| 1| 1|-1|

12 -1|26|47| 1| 1| 1| 1| 1| 1| 1| 1| 1| 1| 1|-1|

13 -1|25|46| 1| 1| 1| 1| 1| 1| 1| 1| 1| 1| 1|-1|

14 -1|24|45| 1| 1| 1| 1| 1| 1| 1| 1| 1| 1| 1|-1|

15 -1|23|44| 1| 1| 1| 1| 1| 1| 1| 1| 1| 1| 1|-1|

16 -1|22|43| 1| 1| 1| 1| 1| 1| 1| 1| 1| 1| 1|-1|

17 -1|21|42| 1| 1| 1| 1| 1| 1| 1| 1| 1| 1| 1|-1|

18 -1| 0|41| 1| 1| 1| 1| 1| 1| 1| 1| 1| 1| 1|-1|

19 -1|-1|-1|-1|-1|-1|-1|-1|-1|-1|-1|-1|-1|-1|-1|


visiting(11,1)

[Lmap.Tile;@c26a30toVisit : (18,2) [41] ; (17,2) [42] ; (16,2) [43] ; (15,2) [44] ; (14,2) [45] ; (13,2) [46] ; (12,2) [47] ; (10,1) [28] ; (11,2) [48] ; 

   0 |1 |2 |3 |4 |5 |6 |7 |8 |9 |10|11|12|13|14|

0  -1|-1|-1|-1|-1|-1|-1|-1|-1|-1|-1|-1|-1|-1|-1|

1  -1| 1| 1| 1| 1| 1| 1| 1| 1| 1| 1| 1| 1| 1|-1|

2  -1| 1| 1| 1| 1| 1| 1| 1| 1| 1| 1| 1| 1| 1|-1|

3  -1| 1| 1| 1| 1| 1| 1| 1| 1| 1| 1| 1| 1| 1|-1|

4  -1| 1| 1| 1| 1| 1| 1| 1| 1| 1| 1| 1| 1| 1|-1|

5  -1| 1| 1| 1| 1| 1| 1| 1| 1| 1| 1| 1| 1| 1|-1|

6  -1| 1| 1| 1| 1| 1| 1| 1| 1| 1| 1| 1| 1| 1|-1|

7  -1| 1| 1| 1| 1| 1| 1| 1| 1| 1| 1| 1| 1| 1|-1|

8  -1| 1| 1| 1| 1| 1| 1| 1| 1| 1| 1| 1| 1| 1|-1|

9  -1| 1| 1| 1| 1| 1| 1| 1| 1| 1| 1| 1| 1| 1|-1|

10 -1|28| 1| 1| 1| 1| 1| 1| 1| 1| 1| 1| 1| 1|-1|

11 -1|27|48| 1| 1| 1| 1| 1| 1| 1| 1| 1| 1| 1|-1|

12 -1|26|47| 1| 1| 1| 1| 1| 1| 1| 1| 1| 1| 1|-1|

13 -1|25|46| 1| 1| 1| 1| 1| 1| 1| 1| 1| 1| 1|-1|

14 -1|24|45| 1| 1| 1| 1| 1| 1| 1| 1| 1| 1| 1|-1|

15 -1|23|44| 1| 1| 1| 1| 1| 1| 1| 1| 1| 1| 1|-1|

16 -1|22|43| 1| 1| 1| 1| 1| 1| 1| 1| 1| 1| 1|-1|

17 -1|21|42| 1| 1| 1| 1| 1| 1| 1| 1| 1| 1| 1|-1|

18 -1| 0|41| 1| 1| 1| 1| 1| 1| 1| 1| 1| 1| 1|-1|

19 -1|-1|-1|-1|-1|-1|-1|-1|-1|-1|-1|-1|-1|-1|-1|


visiting(10,1)

[Lmap.Tile;@c26a30toVisit : (18,2) [41] ; (17,2) [42] ; (16,2) [43] ; (15,2) [44] ; (14,2) [45] ; (13,2) [46] ; (12,2) [47] ; (11,2) [48] ; (9,1) [29] ; (10,2) [49] ; 

   0 |1 |2 |3 |4 |5 |6 |7 |8 |9 |10|11|12|13|14|

0  -1|-1|-1|-1|-1|-1|-1|-1|-1|-1|-1|-1|-1|-1|-1|

1  -1| 1| 1| 1| 1| 1| 1| 1| 1| 1| 1| 1| 1| 1|-1|

2  -1| 1| 1| 1| 1| 1| 1| 1| 1| 1| 1| 1| 1| 1|-1|

3  -1| 1| 1| 1| 1| 1| 1| 1| 1| 1| 1| 1| 1| 1|-1|

4  -1| 1| 1| 1| 1| 1| 1| 1| 1| 1| 1| 1| 1| 1|-1|

5  -1| 1| 1| 1| 1| 1| 1| 1| 1| 1| 1| 1| 1| 1|-1|

6  -1| 1| 1| 1| 1| 1| 1| 1| 1| 1| 1| 1| 1| 1|-1|

7  -1| 1| 1| 1| 1| 1| 1| 1| 1| 1| 1| 1| 1| 1|-1|

8  -1| 1| 1| 1| 1| 1| 1| 1| 1| 1| 1| 1| 1| 1|-1|

9  -1|29| 1| 1| 1| 1| 1| 1| 1| 1| 1| 1| 1| 1|-1|

10 -1|28|49| 1| 1| 1| 1| 1| 1| 1| 1| 1| 1| 1|-1|

11 -1|27|48| 1| 1| 1| 1| 1| 1| 1| 1| 1| 1| 1|-1|

12 -1|26|47| 1| 1| 1| 1| 1| 1| 1| 1| 1| 1| 1|-1|

13 -1|25|46| 1| 1| 1| 1| 1| 1| 1| 1| 1| 1| 1|-1|

14 -1|24|45| 1| 1| 1| 1| 1| 1| 1| 1| 1| 1| 1|-1|

15 -1|23|44| 1| 1| 1| 1| 1| 1| 1| 1| 1| 1| 1|-1|

16 -1|22|43| 1| 1| 1| 1| 1| 1| 1| 1| 1| 1| 1|-1|

17 -1|21|42| 1| 1| 1| 1| 1| 1| 1| 1| 1| 1| 1|-1|

18 -1| 0|41| 1| 1| 1| 1| 1| 1| 1| 1| 1| 1| 1|-1|

19 -1|-1|-1|-1|-1|-1|-1|-1|-1|-1|-1|-1|-1|-1|-1|


visiting(9,1)

[Lmap.Tile;@c26a30toVisit : (18,2) [41] ; (17,2) [42] ; (16,2) [43] ; (15,2) [44] ; (14,2) [45] ; (13,2) [46] ; (12,2) [47] ; (11,2) [48] ; (10,2) [49] ; (8,1) [30] ; (9,2) [50] ; 

   0 |1 |2 |3 |4 |5 |6 |7 |8 |9 |10|11|12|13|14|

0  -1|-1|-1|-1|-1|-1|-1|-1|-1|-1|-1|-1|-1|-1|-1|

1  -1| 1| 1| 1| 1| 1| 1| 1| 1| 1| 1| 1| 1| 1|-1|

2  -1| 1| 1| 1| 1| 1| 1| 1| 1| 1| 1| 1| 1| 1|-1|

3  -1| 1| 1| 1| 1| 1| 1| 1| 1| 1| 1| 1| 1| 1|-1|

4  -1| 1| 1| 1| 1| 1| 1| 1| 1| 1| 1| 1| 1| 1|-1|

5  -1| 1| 1| 1| 1| 1| 1| 1| 1| 1| 1| 1| 1| 1|-1|

6  -1| 1| 1| 1| 1| 1| 1| 1| 1| 1| 1| 1| 1| 1|-1|

7  -1| 1| 1| 1| 1| 1| 1| 1| 1| 1| 1| 1| 1| 1|-1|

8  -1|30| 1| 1| 1| 1| 1| 1| 1| 1| 1| 1| 1| 1|-1|

9  -1|29|50| 1| 1| 1| 1| 1| 1| 1| 1| 1| 1| 1|-1|

10 -1|28|49| 1| 1| 1| 1| 1| 1| 1| 1| 1| 1| 1|-1|

11 -1|27|48| 1| 1| 1| 1| 1| 1| 1| 1| 1| 1| 1|-1|

12 -1|26|47| 1| 1| 1| 1| 1| 1| 1| 1| 1| 1| 1|-1|

13 -1|25|46| 1| 1| 1| 1| 1| 1| 1| 1| 1| 1| 1|-1|

14 -1|24|45| 1| 1| 1| 1| 1| 1| 1| 1| 1| 1| 1|-1|

15 -1|23|44| 1| 1| 1| 1| 1| 1| 1| 1| 1| 1| 1|-1|

16 -1|22|43| 1| 1| 1| 1| 1| 1| 1| 1| 1| 1| 1|-1|

17 -1|21|42| 1| 1| 1| 1| 1| 1| 1| 1| 1| 1| 1|-1|

18 -1| 0|41| 1| 1| 1| 1| 1| 1| 1| 1| 1| 1| 1|-1|

19 -1|-1|-1|-1|-1|-1|-1|-1|-1|-1|-1|-1|-1|-1|-1|


visiting(8,1)

[Lmap.Tile;@c26a30toVisit : (18,2) [41] ; (17,2) [42] ; (16,2) [43] ; (15,2) [44] ; (14,2) [45] ; (13,2) [46] ; (12,2) [47] ; (11,2) [48] ; (10,2) [49] ; (9,2) [50] ; (7,1) [31] ; (8,2) [51] ; 

   0 |1 |2 |3 |4 |5 |6 |7 |8 |9 |10|11|12|13|14|

0  -1|-1|-1|-1|-1|-1|-1|-1|-1|-1|-1|-1|-1|-1|-1|

1  -1| 1| 1| 1| 1| 1| 1| 1| 1| 1| 1| 1| 1| 1|-1|

2  -1| 1| 1| 1| 1| 1| 1| 1| 1| 1| 1| 1| 1| 1|-1|

3  -1| 1| 1| 1| 1| 1| 1| 1| 1| 1| 1| 1| 1| 1|-1|

4  -1| 1| 1| 1| 1| 1| 1| 1| 1| 1| 1| 1| 1| 1|-1|

5  -1| 1| 1| 1| 1| 1| 1| 1| 1| 1| 1| 1| 1| 1|-1|

6  -1| 1| 1| 1| 1| 1| 1| 1| 1| 1| 1| 1| 1| 1|-1|

7  -1|31| 1| 1| 1| 1| 1| 1| 1| 1| 1| 1| 1| 1|-1|

8  -1|30|51| 1| 1| 1| 1| 1| 1| 1| 1| 1| 1| 1|-1|

9  -1|29|50| 1| 1| 1| 1| 1| 1| 1| 1| 1| 1| 1|-1|

10 -1|28|49| 1| 1| 1| 1| 1| 1| 1| 1| 1| 1| 1|-1|

11 -1|27|48| 1| 1| 1| 1| 1| 1| 1| 1| 1| 1| 1|-1|

12 -1|26|47| 1| 1| 1| 1| 1| 1| 1| 1| 1| 1| 1|-1|

13 -1|25|46| 1| 1| 1| 1| 1| 1| 1| 1| 1| 1| 1|-1|

14 -1|24|45| 1| 1| 1| 1| 1| 1| 1| 1| 1| 1| 1|-1|

15 -1|23|44| 1| 1| 1| 1| 1| 1| 1| 1| 1| 1| 1|-1|

16 -1|22|43| 1| 1| 1| 1| 1| 1| 1| 1| 1| 1| 1|-1|

17 -1|21|42| 1| 1| 1| 1| 1| 1| 1| 1| 1| 1| 1|-1|

18 -1| 0|41| 1| 1| 1| 1| 1| 1| 1| 1| 1| 1| 1|-1|

19 -1|-1|-1|-1|-1|-1|-1|-1|-1|-1|-1|-1|-1|-1|-1|


visiting(7,1)

[Lmap.Tile;@c26a30toVisit : (18,2) [41] ; (17,2) [42] ; (16,2) [43] ; (15,2) [44] ; (14,2) [45] ; (13,2) [46] ; (12,2) [47] ; (11,2) [48] ; (10,2) [49] ; (9,2) [50] ; (8,2) [51] ; (6,1) [32] ; (7,2) [52] ; 

   0 |1 |2 |3 |4 |5 |6 |7 |8 |9 |10|11|12|13|14|

0  -1|-1|-1|-1|-1|-1|-1|-1|-1|-1|-1|-1|-1|-1|-1|

1  -1| 1| 1| 1| 1| 1| 1| 1| 1| 1| 1| 1| 1| 1|-1|

2  -1| 1| 1| 1| 1| 1| 1| 1| 1| 1| 1| 1| 1| 1|-1|

3  -1| 1| 1| 1| 1| 1| 1| 1| 1| 1| 1| 1| 1| 1|-1|

4  -1| 1| 1| 1| 1| 1| 1| 1| 1| 1| 1| 1| 1| 1|-1|

5  -1| 1| 1| 1| 1| 1| 1| 1| 1| 1| 1| 1| 1| 1|-1|

6  -1|32| 1| 1| 1| 1| 1| 1| 1| 1| 1| 1| 1| 1|-1|

7  -1|31|52| 1| 1| 1| 1| 1| 1| 1| 1| 1| 1| 1|-1|

8  -1|30|51| 1| 1| 1| 1| 1| 1| 1| 1| 1| 1| 1|-1|

9  -1|29|50| 1| 1| 1| 1| 1| 1| 1| 1| 1| 1| 1|-1|

10 -1|28|49| 1| 1| 1| 1| 1| 1| 1| 1| 1| 1| 1|-1|

11 -1|27|48| 1| 1| 1| 1| 1| 1| 1| 1| 1| 1| 1|-1|

12 -1|26|47| 1| 1| 1| 1| 1| 1| 1| 1| 1| 1| 1|-1|

13 -1|25|46| 1| 1| 1| 1| 1| 1| 1| 1| 1| 1| 1|-1|

14 -1|24|45| 1| 1| 1| 1| 1| 1| 1| 1| 1| 1| 1|-1|

15 -1|23|44| 1| 1| 1| 1| 1| 1| 1| 1| 1| 1| 1|-1|

16 -1|22|43| 1| 1| 1| 1| 1| 1| 1| 1| 1| 1| 1|-1|

17 -1|21|42| 1| 1| 1| 1| 1| 1| 1| 1| 1| 1| 1|-1|

18 -1| 0|41| 1| 1| 1| 1| 1| 1| 1| 1| 1| 1| 1|-1|

19 -1|-1|-1|-1|-1|-1|-1|-1|-1|-1|-1|-1|-1|-1|-1|


visiting(6,1)

[Lmap.Tile;@c26a30toVisit : (18,2) [41] ; (17,2) [42] ; (16,2) [43] ; (15,2) [44] ; (14,2) [45] ; (13,2) [46] ; (12,2) [47] ; (11,2) [48] ; (10,2) [49] ; (9,2) [50] ; (8,2) [51] ; (7,2) [52] ; (5,1) [33] ; (6,2) [53] ; 

   0 |1 |2 |3 |4 |5 |6 |7 |8 |9 |10|11|12|13|14|

0  -1|-1|-1|-1|-1|-1|-1|-1|-1|-1|-1|-1|-1|-1|-1|

1  -1| 1| 1| 1| 1| 1| 1| 1| 1| 1| 1| 1| 1| 1|-1|

2  -1| 1| 1| 1| 1| 1| 1| 1| 1| 1| 1| 1| 1| 1|-1|

3  -1| 1| 1| 1| 1| 1| 1| 1| 1| 1| 1| 1| 1| 1|-1|

4  -1| 1| 1| 1| 1| 1| 1| 1| 1| 1| 1| 1| 1| 1|-1|

5  -1|33| 1| 1| 1| 1| 1| 1| 1| 1| 1| 1| 1| 1|-1|

6  -1|32|53| 1| 1| 1| 1| 1| 1| 1| 1| 1| 1| 1|-1|

7  -1|31|52| 1| 1| 1| 1| 1| 1| 1| 1| 1| 1| 1|-1|

8  -1|30|51| 1| 1| 1| 1| 1| 1| 1| 1| 1| 1| 1|-1|

9  -1|29|50| 1| 1| 1| 1| 1| 1| 1| 1| 1| 1| 1|-1|

10 -1|28|49| 1| 1| 1| 1| 1| 1| 1| 1| 1| 1| 1|-1|

11 -1|27|48| 1| 1| 1| 1| 1| 1| 1| 1| 1| 1| 1|-1|

12 -1|26|47| 1| 1| 1| 1| 1| 1| 1| 1| 1| 1| 1|-1|

13 -1|25|46| 1| 1| 1| 1| 1| 1| 1| 1| 1| 1| 1|-1|

14 -1|24|45| 1| 1| 1| 1| 1| 1| 1| 1| 1| 1| 1|-1|

15 -1|23|44| 1| 1| 1| 1| 1| 1| 1| 1| 1| 1| 1|-1|

16 -1|22|43| 1| 1| 1| 1| 1| 1| 1| 1| 1| 1| 1|-1|

17 -1|21|42| 1| 1| 1| 1| 1| 1| 1| 1| 1| 1| 1|-1|

18 -1| 0|41| 1| 1| 1| 1| 1| 1| 1| 1| 1| 1| 1|-1|

19 -1|-1|-1|-1|-1|-1|-1|-1|-1|-1|-1|-1|-1|-1|-1|


visiting(5,1)

[Lmap.Tile;@c26a30toVisit : (18,2) [41] ; (17,2) [42] ; (16,2) [43] ; (15,2) [44] ; (14,2) [45] ; (13,2) [46] ; (12,2) [47] ; (11,2) [48] ; (10,2) [49] ; (9,2) [50] ; (8,2) [51] ; (7,2) [52] ; (6,2) [53] ; (4,1) [34] ; (5,2) [54] ; 

   0 |1 |2 |3 |4 |5 |6 |7 |8 |9 |10|11|12|13|14|

0  -1|-1|-1|-1|-1|-1|-1|-1|-1|-1|-1|-1|-1|-1|-1|

1  -1| 1| 1| 1| 1| 1| 1| 1| 1| 1| 1| 1| 1| 1|-1|

2  -1| 1| 1| 1| 1| 1| 1| 1| 1| 1| 1| 1| 1| 1|-1|

3  -1| 1| 1| 1| 1| 1| 1| 1| 1| 1| 1| 1| 1| 1|-1|

4  -1|34| 1| 1| 1| 1| 1| 1| 1| 1| 1| 1| 1| 1|-1|

5  -1|33|54| 1| 1| 1| 1| 1| 1| 1| 1| 1| 1| 1|-1|

6  -1|32|53| 1| 1| 1| 1| 1| 1| 1| 1| 1| 1| 1|-1|

7  -1|31|52| 1| 1| 1| 1| 1| 1| 1| 1| 1| 1| 1|-1|

8  -1|30|51| 1| 1| 1| 1| 1| 1| 1| 1| 1| 1| 1|-1|

9  -1|29|50| 1| 1| 1| 1| 1| 1| 1| 1| 1| 1| 1|-1|

10 -1|28|49| 1| 1| 1| 1| 1| 1| 1| 1| 1| 1| 1|-1|

11 -1|27|48| 1| 1| 1| 1| 1| 1| 1| 1| 1| 1| 1|-1|

12 -1|26|47| 1| 1| 1| 1| 1| 1| 1| 1| 1| 1| 1|-1|

13 -1|25|46| 1| 1| 1| 1| 1| 1| 1| 1| 1| 1| 1|-1|

14 -1|24|45| 1| 1| 1| 1| 1| 1| 1| 1| 1| 1| 1|-1|

15 -1|23|44| 1| 1| 1| 1| 1| 1| 1| 1| 1| 1| 1|-1|

16 -1|22|43| 1| 1| 1| 1| 1| 1| 1| 1| 1| 1| 1|-1|

17 -1|21|42| 1| 1| 1| 1| 1| 1| 1| 1| 1| 1| 1|-1|

18 -1| 0|41| 1| 1| 1| 1| 1| 1| 1| 1| 1| 1| 1|-1|

19 -1|-1|-1|-1|-1|-1|-1|-1|-1|-1|-1|-1|-1|-1|-1|


visiting(4,1)

[Lmap.Tile;@c26a30toVisit : (18,2) [41] ; (17,2) [42] ; (16,2) [43] ; (15,2) [44] ; (14,2) [45] ; (13,2) [46] ; (12,2) [47] ; (11,2) [48] ; (10,2) [49] ; (9,2) [50] ; (8,2) [51] ; (7,2) [52] ; (6,2) [53] ; (5,2) [54] ; (3,1) [35] ; (4,2) [55] ; 

   0 |1 |2 |3 |4 |5 |6 |7 |8 |9 |10|11|12|13|14|

0  -1|-1|-1|-1|-1|-1|-1|-1|-1|-1|-1|-1|-1|-1|-1|

1  -1| 1| 1| 1| 1| 1| 1| 1| 1| 1| 1| 1| 1| 1|-1|

2  -1| 1| 1| 1| 1| 1| 1| 1| 1| 1| 1| 1| 1| 1|-1|

3  -1|35| 1| 1| 1| 1| 1| 1| 1| 1| 1| 1| 1| 1|-1|

4  -1|34|55| 1| 1| 1| 1| 1| 1| 1| 1| 1| 1| 1|-1|

5  -1|33|54| 1| 1| 1| 1| 1| 1| 1| 1| 1| 1| 1|-1|

6  -1|32|53| 1| 1| 1| 1| 1| 1| 1| 1| 1| 1| 1|-1|

7  -1|31|52| 1| 1| 1| 1| 1| 1| 1| 1| 1| 1| 1|-1|

8  -1|30|51| 1| 1| 1| 1| 1| 1| 1| 1| 1| 1| 1|-1|

9  -1|29|50| 1| 1| 1| 1| 1| 1| 1| 1| 1| 1| 1|-1|

10 -1|28|49| 1| 1| 1| 1| 1| 1| 1| 1| 1| 1| 1|-1|

11 -1|27|48| 1| 1| 1| 1| 1| 1| 1| 1| 1| 1| 1|-1|

12 -1|26|47| 1| 1| 1| 1| 1| 1| 1| 1| 1| 1| 1|-1|

13 -1|25|46| 1| 1| 1| 1| 1| 1| 1| 1| 1| 1| 1|-1|

14 -1|24|45| 1| 1| 1| 1| 1| 1| 1| 1| 1| 1| 1|-1|

15 -1|23|44| 1| 1| 1| 1| 1| 1| 1| 1| 1| 1| 1|-1|

16 -1|22|43| 1| 1| 1| 1| 1| 1| 1| 1| 1| 1| 1|-1|

17 -1|21|42| 1| 1| 1| 1| 1| 1| 1| 1| 1| 1| 1|-1|

18 -1| 0|41| 1| 1| 1| 1| 1| 1| 1| 1| 1| 1| 1|-1|

19 -1|-1|-1|-1|-1|-1|-1|-1|-1|-1|-1|-1|-1|-1|-1|


visiting(3,1)

[Lmap.Tile;@c26a30toVisit : (18,2) [41] ; (17,2) [42] ; (16,2) [43] ; (15,2) [44] ; (14,2) [45] ; (13,2) [46] ; (12,2) [47] ; (11,2) [48] ; (10,2) [49] ; (9,2) [50] ; (8,2) [51] ; (7,2) [52] ; (6,2) [53] ; (5,2) [54] ; (4,2) [55] ; (2,1) [36] ; (3,2) [56] ; 

   0 |1 |2 |3 |4 |5 |6 |7 |8 |9 |10|11|12|13|14|

0  -1|-1|-1|-1|-1|-1|-1|-1|-1|-1|-1|-1|-1|-1|-1|

1  -1| 1| 1| 1| 1| 1| 1| 1| 1| 1| 1| 1| 1| 1|-1|

2  -1|36| 1| 1| 1| 1| 1| 1| 1| 1| 1| 1| 1| 1|-1|

3  -1|35|56| 1| 1| 1| 1| 1| 1| 1| 1| 1| 1| 1|-1|

4  -1|34|55| 1| 1| 1| 1| 1| 1| 1| 1| 1| 1| 1|-1|

5  -1|33|54| 1| 1| 1| 1| 1| 1| 1| 1| 1| 1| 1|-1|

6  -1|32|53| 1| 1| 1| 1| 1| 1| 1| 1| 1| 1| 1|-1|

7  -1|31|52| 1| 1| 1| 1| 1| 1| 1| 1| 1| 1| 1|-1|

8  -1|30|51| 1| 1| 1| 1| 1| 1| 1| 1| 1| 1| 1|-1|

9  -1|29|50| 1| 1| 1| 1| 1| 1| 1| 1| 1| 1| 1|-1|

10 -1|28|49| 1| 1| 1| 1| 1| 1| 1| 1| 1| 1| 1|-1|

11 -1|27|48| 1| 1| 1| 1| 1| 1| 1| 1| 1| 1| 1|-1|

12 -1|26|47| 1| 1| 1| 1| 1| 1| 1| 1| 1| 1| 1|-1|

13 -1|25|46| 1| 1| 1| 1| 1| 1| 1| 1| 1| 1| 1|-1|

14 -1|24|45| 1| 1| 1| 1| 1| 1| 1| 1| 1| 1| 1|-1|

15 -1|23|44| 1| 1| 1| 1| 1| 1| 1| 1| 1| 1| 1|-1|

16 -1|22|43| 1| 1| 1| 1| 1| 1| 1| 1| 1| 1| 1|-1|

17 -1|21|42| 1| 1| 1| 1| 1| 1| 1| 1| 1| 1| 1|-1|

18 -1| 0|41| 1| 1| 1| 1| 1| 1| 1| 1| 1| 1| 1|-1|

19 -1|-1|-1|-1|-1|-1|-1|-1|-1|-1|-1|-1|-1|-1|-1|


visiting(2,1)

[Lmap.Tile;@c26a30toVisit : (18,2) [41] ; (17,2) [42] ; (16,2) [43] ; (15,2) [44] ; (14,2) [45] ; (13,2) [46] ; (12,2) [47] ; (11,2) [48] ; (10,2) [49] ; (9,2) [50] ; (8,2) [51] ; (7,2) [52] ; (6,2) [53] ; (5,2) [54] ; (4,2) [55] ; (3,2) [56] ; (1,1) [37] ; (2,2) [57] ; 

   0 |1 |2 |3 |4 |5 |6 |7 |8 |9 |10|11|12|13|14|

0  -1|-1|-1|-1|-1|-1|-1|-1|-1|-1|-1|-1|-1|-1|-1|

1  -1|37| 1| 1| 1| 1| 1| 1| 1| 1| 1| 1| 1| 1|-1|

2  -1|36|57| 1| 1| 1| 1| 1| 1| 1| 1| 1| 1| 1|-1|

3  -1|35|56| 1| 1| 1| 1| 1| 1| 1| 1| 1| 1| 1|-1|

4  -1|34|55| 1| 1| 1| 1| 1| 1| 1| 1| 1| 1| 1|-1|

5  -1|33|54| 1| 1| 1| 1| 1| 1| 1| 1| 1| 1| 1|-1|

6  -1|32|53| 1| 1| 1| 1| 1| 1| 1| 1| 1| 1| 1|-1|

7  -1|31|52| 1| 1| 1| 1| 1| 1| 1| 1| 1| 1| 1|-1|

8  -1|30|51| 1| 1| 1| 1| 1| 1| 1| 1| 1| 1| 1|-1|

9  -1|29|50| 1| 1| 1| 1| 1| 1| 1| 1| 1| 1| 1|-1|

10 -1|28|49| 1| 1| 1| 1| 1| 1| 1| 1| 1| 1| 1|-1|

11 -1|27|48| 1| 1| 1| 1| 1| 1| 1| 1| 1| 1| 1|-1|

12 -1|26|47| 1| 1| 1| 1| 1| 1| 1| 1| 1| 1| 1|-1|

13 -1|25|46| 1| 1| 1| 1| 1| 1| 1| 1| 1| 1| 1|-1|

14 -1|24|45| 1| 1| 1| 1| 1| 1| 1| 1| 1| 1| 1|-1|

15 -1|23|44| 1| 1| 1| 1| 1| 1| 1| 1| 1| 1| 1|-1|

16 -1|22|43| 1| 1| 1| 1| 1| 1| 1| 1| 1| 1| 1|-1|

17 -1|21|42| 1| 1| 1| 1| 1| 1| 1| 1| 1| 1| 1|-1|

18 -1| 0|41| 1| 1| 1| 1| 1| 1| 1| 1| 1| 1| 1|-1|

19 -1|-1|-1|-1|-1|-1|-1|-1|-1|-1|-1|-1|-1|-1|-1|


visiting(1,1)

[Lmap.Tile;@c26a30toVisit : (18,2) [41] ; (17,2) [42] ; (16,2) [43] ; (15,2) [44] ; (14,2) [45] ; (13,2) [46] ; (12,2) [47] ; (11,2) [48] ; (10,2) [49] ; (9,2) [50] ; (8,2) [51] ; (7,2) [52] ; (6,2) [53] ; (5,2) [54] ; (4,2) [55] ; (3,2) [56] ; (2,2) [57] ; (1,2) [58] ; 

   0 |1 |2 |3 |4 |5 |6 |7 |8 |9 |10|11|12|13|14|

0  -1|-1|-1|-1|-1|-1|-1|-1|-1|-1|-1|-1|-1|-1|-1|

1  -1|37|58| 1| 1| 1| 1| 1| 1| 1| 1| 1| 1| 1|-1|

2  -1|36|57| 1| 1| 1| 1| 1| 1| 1| 1| 1| 1| 1|-1|

3  -1|35|56| 1| 1| 1| 1| 1| 1| 1| 1| 1| 1| 1|-1|

4  -1|34|55| 1| 1| 1| 1| 1| 1| 1| 1| 1| 1| 1|-1|

5  -1|33|54| 1| 1| 1| 1| 1| 1| 1| 1| 1| 1| 1|-1|

6  -1|32|53| 1| 1| 1| 1| 1| 1| 1| 1| 1| 1| 1|-1|

7  -1|31|52| 1| 1| 1| 1| 1| 1| 1| 1| 1| 1| 1|-1|

8  -1|30|51| 1| 1| 1| 1| 1| 1| 1| 1| 1| 1| 1|-1|

9  -1|29|50| 1| 1| 1| 1| 1| 1| 1| 1| 1| 1| 1|-1|

10 -1|28|49| 1| 1| 1| 1| 1| 1| 1| 1| 1| 1| 1|-1|

11 -1|27|48| 1| 1| 1| 1| 1| 1| 1| 1| 1| 1| 1|-1|

12 -1|26|47| 1| 1| 1| 1| 1| 1| 1| 1| 1| 1| 1|-1|

13 -1|25|46| 1| 1| 1| 1| 1| 1| 1| 1| 1| 1| 1|-1|

14 -1|24|45| 1| 1| 1| 1| 1| 1| 1| 1| 1| 1| 1|-1|

15 -1|23|44| 1| 1| 1| 1| 1| 1| 1| 1| 1| 1| 1|-1|

16 -1|22|43| 1| 1| 1| 1| 1| 1| 1| 1| 1| 1| 1|-1|

17 -1|21|42| 1| 1| 1| 1| 1| 1| 1| 1| 1| 1| 1|-1|

18 -1| 0|41| 1| 1| 1| 1| 1| 1| 1| 1| 1| 1| 1|-1|

19 -1|-1|-1|-1|-1|-1|-1|-1|-1|-1|-1|-1|-1|-1|-1|


visiting(1,2)

[Lmap.Tile;@c26a30toVisit : (18,2) [41] ; (17,2) [42] ; (16,2) [43] ; (15,2) [44] ; (14,2) [45] ; (13,2) [46] ; (12,2) [47] ; (11,2) [48] ; (10,2) [49] ; (9,2) [50] ; (8,2) [51] ; (7,2) [52] ; (6,2) [53] ; (5,2) [54] ; (4,2) [55] ; (3,2) [56] ; (2,2) [57] ; (1,3) [59] ; 

   0 |1 |2 |3 |4 |5 |6 |7 |8 |9 |10|11|12|13|14|

0  -1|-1|-1|-1|-1|-1|-1|-1|-1|-1|-1|-1|-1|-1|-1|

1  -1|37|58|59| 1| 1| 1| 1| 1| 1| 1| 1| 1| 1|-1|

2  -1|36|57| 1| 1| 1| 1| 1| 1| 1| 1| 1| 1| 1|-1|

3  -1|35|56| 1| 1| 1| 1| 1| 1| 1| 1| 1| 1| 1|-1|

4  -1|34|55| 1| 1| 1| 1| 1| 1| 1| 1| 1| 1| 1|-1|

5  -1|33|54| 1| 1| 1| 1| 1| 1| 1| 1| 1| 1| 1|-1|

6  -1|32|53| 1| 1| 1| 1| 1| 1| 1| 1| 1| 1| 1|-1|

7  -1|31|52| 1| 1| 1| 1| 1| 1| 1| 1| 1| 1| 1|-1|

8  -1|30|51| 1| 1| 1| 1| 1| 1| 1| 1| 1| 1| 1|-1|

9  -1|29|50| 1| 1| 1| 1| 1| 1| 1| 1| 1| 1| 1|-1|

10 -1|28|49| 1| 1| 1| 1| 1| 1| 1| 1| 1| 1| 1|-1|

11 -1|27|48| 1| 1| 1| 1| 1| 1| 1| 1| 1| 1| 1|-1|

12 -1|26|47| 1| 1| 1| 1| 1| 1| 1| 1| 1| 1| 1|-1|

13 -1|25|46| 1| 1| 1| 1| 1| 1| 1| 1| 1| 1| 1|-1|

14 -1|24|45| 1| 1| 1| 1| 1| 1| 1| 1| 1| 1| 1|-1|

15 -1|23|44| 1| 1| 1| 1| 1| 1| 1| 1| 1| 1| 1|-1|

16 -1|22|43| 1| 1| 1| 1| 1| 1| 1| 1| 1| 1| 1|-1|

17 -1|21|42| 1| 1| 1| 1| 1| 1| 1| 1| 1| 1| 1|-1|

18 -1| 0|41| 1| 1| 1| 1| 1| 1| 1| 1| 1| 1| 1|-1|

19 -1|-1|-1|-1|-1|-1|-1|-1|-1|-1|-1|-1|-1|-1|-1|


visiting(1,3)

[Lmap.Tile;@c26a30toVisit : (18,2) [41] ; (17,2) [42] ; (16,2) [43] ; (15,2) [44] ; (14,2) [45] ; (13,2) [46] ; (12,2) [47] ; (11,2) [48] ; (10,2) [49] ; (9,2) [50] ; (8,2) [51] ; (7,2) [52] ; (6,2) [53] ; (5,2) [54] ; (4,2) [55] ; (3,2) [56] ; (2,2) [57] ; (2,3) [80] ; (1,4) [60] ; 

   0 |1 |2 |3 |4 |5 |6 |7 |8 |9 |10|11|12|13|14|

0  -1|-1|-1|-1|-1|-1|-1|-1|-1|-1|-1|-1|-1|-1|-1|

1  -1|37|58|59|60| 1| 1| 1| 1| 1| 1| 1| 1| 1|-1|

2  -1|36|57|80| 1| 1| 1| 1| 1| 1| 1| 1| 1| 1|-1|

3  -1|35|56| 1| 1| 1| 1| 1| 1| 1| 1| 1| 1| 1|-1|

4  -1|34|55| 1| 1| 1| 1| 1| 1| 1| 1| 1| 1| 1|-1|

5  -1|33|54| 1| 1| 1| 1| 1| 1| 1| 1| 1| 1| 1|-1|

6  -1|32|53| 1| 1| 1| 1| 1| 1| 1| 1| 1| 1| 1|-1|

7  -1|31|52| 1| 1| 1| 1| 1| 1| 1| 1| 1| 1| 1|-1|

8  -1|30|51| 1| 1| 1| 1| 1| 1| 1| 1| 1| 1| 1|-1|

9  -1|29|50| 1| 1| 1| 1| 1| 1| 1| 1| 1| 1| 1|-1|

10 -1|28|49| 1| 1| 1| 1| 1| 1| 1| 1| 1| 1| 1|-1|

11 -1|27|48| 1| 1| 1| 1| 1| 1| 1| 1| 1| 1| 1|-1|

12 -1|26|47| 1| 1| 1| 1| 1| 1| 1| 1| 1| 1| 1|-1|

13 -1|25|46| 1| 1| 1| 1| 1| 1| 1| 1| 1| 1| 1|-1|

14 -1|24|45| 1| 1| 1| 1| 1| 1| 1| 1| 1| 1| 1|-1|

15 -1|23|44| 1| 1| 1| 1| 1| 1| 1| 1| 1| 1| 1|-1|

16 -1|22|43| 1| 1| 1| 1| 1| 1| 1| 1| 1| 1| 1|-1|

17 -1|21|42| 1| 1| 1| 1| 1| 1| 1| 1| 1| 1| 1|-1|

18 -1| 0|41| 1| 1| 1| 1| 1| 1| 1| 1| 1| 1| 1|-1|

19 -1|-1|-1|-1|-1|-1|-1|-1|-1|-1|-1|-1|-1|-1|-1|


visiting(1,4)

[Lmap.Tile;@c26a30toVisit : (18,2) [41] ; (17,2) [42] ; (16,2) [43] ; (15,2) [44] ; (14,2) [45] ; (13,2) [46] ; (12,2) [47] ; (11,2) [48] ; (10,2) [49] ; (9,2) [50] ; (8,2) [51] ; (7,2) [52] ; (6,2) [53] ; (5,2) [54] ; (4,2) [55] ; (3,2) [56] ; (2,2) [57] ; (2,3) [80] ; (2,4) [81] ; (1,5) [61] ; 

   0 |1 |2 |3 |4 |5 |6 |7 |8 |9 |10|11|12|13|14|

0  -1|-1|-1|-1|-1|-1|-1|-1|-1|-1|-1|-1|-1|-1|-1|

1  -1|37|58|59|60|61| 1| 1| 1| 1| 1| 1| 1| 1|-1|

2  -1|36|57|80|81| 1| 1| 1| 1| 1| 1| 1| 1| 1|-1|

3  -1|35|56| 1| 1| 1| 1| 1| 1| 1| 1| 1| 1| 1|-1|

4  -1|34|55| 1| 1| 1| 1| 1| 1| 1| 1| 1| 1| 1|-1|

5  -1|33|54| 1| 1| 1| 1| 1| 1| 1| 1| 1| 1| 1|-1|

6  -1|32|53| 1| 1| 1| 1| 1| 1| 1| 1| 1| 1| 1|-1|

7  -1|31|52| 1| 1| 1| 1| 1| 1| 1| 1| 1| 1| 1|-1|

8  -1|30|51| 1| 1| 1| 1| 1| 1| 1| 1| 1| 1| 1|-1|

9  -1|29|50| 1| 1| 1| 1| 1| 1| 1| 1| 1| 1| 1|-1|

10 -1|28|49| 1| 1| 1| 1| 1| 1| 1| 1| 1| 1| 1|-1|

11 -1|27|48| 1| 1| 1| 1| 1| 1| 1| 1| 1| 1| 1|-1|

12 -1|26|47| 1| 1| 1| 1| 1| 1| 1| 1| 1| 1| 1|-1|

13 -1|25|46| 1| 1| 1| 1| 1| 1| 1| 1| 1| 1| 1|-1|

14 -1|24|45| 1| 1| 1| 1| 1| 1| 1| 1| 1| 1| 1|-1|

15 -1|23|44| 1| 1| 1| 1| 1| 1| 1| 1| 1| 1| 1|-1|

16 -1|22|43| 1| 1| 1| 1| 1| 1| 1| 1| 1| 1| 1|-1|

17 -1|21|42| 1| 1| 1| 1| 1| 1| 1| 1| 1| 1| 1|-1|

18 -1| 0|41| 1| 1| 1| 1| 1| 1| 1| 1| 1| 1| 1|-1|

19 -1|-1|-1|-1|-1|-1|-1|-1|-1|-1|-1|-1|-1|-1|-1|


visiting(1,5)

[Lmap.Tile;@c26a30toVisit : (18,2) [41] ; (17,2) [42] ; (16,2) [43] ; (15,2) [44] ; (14,2) [45] ; (13,2) [46] ; (12,2) [47] ; (11,2) [48] ; (10,2) [49] ; (9,2) [50] ; (8,2) [51] ; (7,2) [52] ; (6,2) [53] ; (5,2) [54] ; (4,2) [55] ; (3,2) [56] ; (2,2) [57] ; (2,3) [80] ; (2,4) [81] ; (2,5) [82] ; (1,6) [62] ; 

   0 |1 |2 |3 |4 |5 |6 |7 |8 |9 |10|11|12|13|14|

0  -1|-1|-1|-1|-1|-1|-1|-1|-1|-1|-1|-1|-1|-1|-1|

1  -1|37|58|59|60|61|62| 1| 1| 1| 1| 1| 1| 1|-1|

2  -1|36|57|80|81|82| 1| 1| 1| 1| 1| 1| 1| 1|-1|

3  -1|35|56| 1| 1| 1| 1| 1| 1| 1| 1| 1| 1| 1|-1|

4  -1|34|55| 1| 1| 1| 1| 1| 1| 1| 1| 1| 1| 1|-1|

5  -1|33|54| 1| 1| 1| 1| 1| 1| 1| 1| 1| 1| 1|-1|

6  -1|32|53| 1| 1| 1| 1| 1| 1| 1| 1| 1| 1| 1|-1|

7  -1|31|52| 1| 1| 1| 1| 1| 1| 1| 1| 1| 1| 1|-1|

8  -1|30|51| 1| 1| 1| 1| 1| 1| 1| 1| 1| 1| 1|-1|

9  -1|29|50| 1| 1| 1| 1| 1| 1| 1| 1| 1| 1| 1|-1|

10 -1|28|49| 1| 1| 1| 1| 1| 1| 1| 1| 1| 1| 1|-1|

11 -1|27|48| 1| 1| 1| 1| 1| 1| 1| 1| 1| 1| 1|-1|

12 -1|26|47| 1| 1| 1| 1| 1| 1| 1| 1| 1| 1| 1|-1|

13 -1|25|46| 1| 1| 1| 1| 1| 1| 1| 1| 1| 1| 1|-1|

14 -1|24|45| 1| 1| 1| 1| 1| 1| 1| 1| 1| 1| 1|-1|

15 -1|23|44| 1| 1| 1| 1| 1| 1| 1| 1| 1| 1| 1|-1|

16 -1|22|43| 1| 1| 1| 1| 1| 1| 1| 1| 1| 1| 1|-1|

17 -1|21|42| 1| 1| 1| 1| 1| 1| 1| 1| 1| 1| 1|-1|

18 -1| 0|41| 1| 1| 1| 1| 1| 1| 1| 1| 1| 1| 1|-1|

19 -1|-1|-1|-1|-1|-1|-1|-1|-1|-1|-1|-1|-1|-1|-1|


visiting(1,6)

[Lmap.Tile;@c26a30toVisit : (18,2) [41] ; (17,2) [42] ; (16,2) [43] ; (15,2) [44] ; (14,2) [45] ; (13,2) [46] ; (12,2) [47] ; (11,2) [48] ; (10,2) [49] ; (9,2) [50] ; (8,2) [51] ; (7,2) [52] ; (6,2) [53] ; (5,2) [54] ; (4,2) [55] ; (3,2) [56] ; (2,2) [57] ; (2,3) [80] ; (2,4) [81] ; (2,5) [82] ; (2,6) [83] ; (1,7) [63] ; 

   0 |1 |2 |3 |4 |5 |6 |7 |8 |9 |10|11|12|13|14|

0  -1|-1|-1|-1|-1|-1|-1|-1|-1|-1|-1|-1|-1|-1|-1|

1  -1|37|58|59|60|61|62|63| 1| 1| 1| 1| 1| 1|-1|

2  -1|36|57|80|81|82|83| 1| 1| 1| 1| 1| 1| 1|-1|

3  -1|35|56| 1| 1| 1| 1| 1| 1| 1| 1| 1| 1| 1|-1|

4  -1|34|55| 1| 1| 1| 1| 1| 1| 1| 1| 1| 1| 1|-1|

5  -1|33|54| 1| 1| 1| 1| 1| 1| 1| 1| 1| 1| 1|-1|

6  -1|32|53| 1| 1| 1| 1| 1| 1| 1| 1| 1| 1| 1|-1|

7  -1|31|52| 1| 1| 1| 1| 1| 1| 1| 1| 1| 1| 1|-1|

8  -1|30|51| 1| 1| 1| 1| 1| 1| 1| 1| 1| 1| 1|-1|

9  -1|29|50| 1| 1| 1| 1| 1| 1| 1| 1| 1| 1| 1|-1|

10 -1|28|49| 1| 1| 1| 1| 1| 1| 1| 1| 1| 1| 1|-1|

11 -1|27|48| 1| 1| 1| 1| 1| 1| 1| 1| 1| 1| 1|-1|

12 -1|26|47| 1| 1| 1| 1| 1| 1| 1| 1| 1| 1| 1|-1|

13 -1|25|46| 1| 1| 1| 1| 1| 1| 1| 1| 1| 1| 1|-1|

14 -1|24|45| 1| 1| 1| 1| 1| 1| 1| 1| 1| 1| 1|-1|

15 -1|23|44| 1| 1| 1| 1| 1| 1| 1| 1| 1| 1| 1|-1|

16 -1|22|43| 1| 1| 1| 1| 1| 1| 1| 1| 1| 1| 1|-1|

17 -1|21|42| 1| 1| 1| 1| 1| 1| 1| 1| 1| 1| 1|-1|

18 -1| 0|41| 1| 1| 1| 1| 1| 1| 1| 1| 1| 1| 1|-1|

19 -1|-1|-1|-1|-1|-1|-1|-1|-1|-1|-1|-1|-1|-1|-1|


visiting(1,7)

[Lmap.Tile;@c26a30toVisit : (18,2) [41] ; (17,2) [42] ; (16,2) [43] ; (15,2) [44] ; (14,2) [45] ; (13,2) [46] ; (12,2) [47] ; (11,2) [48] ; (10,2) [49] ; (9,2) [50] ; (8,2) [51] ; (7,2) [52] ; (6,2) [53] ; (5,2) [54] ; (4,2) [55] ; (3,2) [56] ; (2,2) [57] ; (2,3) [80] ; (2,4) [81] ; (2,5) [82] ; (2,6) [83] ; (2,7) [84] ; (1,8) [64] ; 

   0 |1 |2 |3 |4 |5 |6 |7 |8 |9 |10|11|12|13|14|

0  -1|-1|-1|-1|-1|-1|-1|-1|-1|-1|-1|-1|-1|-1|-1|

1  -1|37|58|59|60|61|62|63|64| 1| 1| 1| 1| 1|-1|

2  -1|36|57|80|81|82|83|84| 1| 1| 1| 1| 1| 1|-1|

3  -1|35|56| 1| 1| 1| 1| 1| 1| 1| 1| 1| 1| 1|-1|

4  -1|34|55| 1| 1| 1| 1| 1| 1| 1| 1| 1| 1| 1|-1|

5  -1|33|54| 1| 1| 1| 1| 1| 1| 1| 1| 1| 1| 1|-1|

6  -1|32|53| 1| 1| 1| 1| 1| 1| 1| 1| 1| 1| 1|-1|

7  -1|31|52| 1| 1| 1| 1| 1| 1| 1| 1| 1| 1| 1|-1|

8  -1|30|51| 1| 1| 1| 1| 1| 1| 1| 1| 1| 1| 1|-1|

9  -1|29|50| 1| 1| 1| 1| 1| 1| 1| 1| 1| 1| 1|-1|

10 -1|28|49| 1| 1| 1| 1| 1| 1| 1| 1| 1| 1| 1|-1|

11 -1|27|48| 1| 1| 1| 1| 1| 1| 1| 1| 1| 1| 1|-1|

12 -1|26|47| 1| 1| 1| 1| 1| 1| 1| 1| 1| 1| 1|-1|

13 -1|25|46| 1| 1| 1| 1| 1| 1| 1| 1| 1| 1| 1|-1|

14 -1|24|45| 1| 1| 1| 1| 1| 1| 1| 1| 1| 1| 1|-1|

15 -1|23|44| 1| 1| 1| 1| 1| 1| 1| 1| 1| 1| 1|-1|

16 -1|22|43| 1| 1| 1| 1| 1| 1| 1| 1| 1| 1| 1|-1|

17 -1|21|42| 1| 1| 1| 1| 1| 1| 1| 1| 1| 1| 1|-1|

18 -1| 0|41| 1| 1| 1| 1| 1| 1| 1| 1| 1| 1| 1|-1|

19 -1|-1|-1|-1|-1|-1|-1|-1|-1|-1|-1|-1|-1|-1|-1|


visiting(1,8)

[Lmap.Tile;@c26a30toVisit : (18,2) [41] ; (17,2) [42] ; (16,2) [43] ; (15,2) [44] ; (14,2) [45] ; (13,2) [46] ; (12,2) [47] ; (11,2) [48] ; (10,2) [49] ; (9,2) [50] ; (8,2) [51] ; (7,2) [52] ; (6,2) [53] ; (5,2) [54] ; (4,2) [55] ; (3,2) [56] ; (2,2) [57] ; (2,3) [80] ; (2,4) [81] ; (2,5) [82] ; (2,6) [83] ; (2,7) [84] ; (2,8) [85] ; (1,9) [65] ; 

   0 |1 |2 |3 |4 |5 |6 |7 |8 |9 |10|11|12|13|14|

0  -1|-1|-1|-1|-1|-1|-1|-1|-1|-1|-1|-1|-1|-1|-1|

1  -1|37|58|59|60|61|62|63|64|65| 1| 1| 1| 1|-1|

2  -1|36|57|80|81|82|83|84|85| 1| 1| 1| 1| 1|-1|

3  -1|35|56| 1| 1| 1| 1| 1| 1| 1| 1| 1| 1| 1|-1|

4  -1|34|55| 1| 1| 1| 1| 1| 1| 1| 1| 1| 1| 1|-1|

5  -1|33|54| 1| 1| 1| 1| 1| 1| 1| 1| 1| 1| 1|-1|

6  -1|32|53| 1| 1| 1| 1| 1| 1| 1| 1| 1| 1| 1|-1|

7  -1|31|52| 1| 1| 1| 1| 1| 1| 1| 1| 1| 1| 1|-1|

8  -1|30|51| 1| 1| 1| 1| 1| 1| 1| 1| 1| 1| 1|-1|

9  -1|29|50| 1| 1| 1| 1| 1| 1| 1| 1| 1| 1| 1|-1|

10 -1|28|49| 1| 1| 1| 1| 1| 1| 1| 1| 1| 1| 1|-1|

11 -1|27|48| 1| 1| 1| 1| 1| 1| 1| 1| 1| 1| 1|-1|

12 -1|26|47| 1| 1| 1| 1| 1| 1| 1| 1| 1| 1| 1|-1|

13 -1|25|46| 1| 1| 1| 1| 1| 1| 1| 1| 1| 1| 1|-1|

14 -1|24|45| 1| 1| 1| 1| 1| 1| 1| 1| 1| 1| 1|-1|

15 -1|23|44| 1| 1| 1| 1| 1| 1| 1| 1| 1| 1| 1|-1|

16 -1|22|43| 1| 1| 1| 1| 1| 1| 1| 1| 1| 1| 1|-1|

17 -1|21|42| 1| 1| 1| 1| 1| 1| 1| 1| 1| 1| 1|-1|

18 -1| 0|41| 1| 1| 1| 1| 1| 1| 1| 1| 1| 1| 1|-1|

19 -1|-1|-1|-1|-1|-1|-1|-1|-1|-1|-1|-1|-1|-1|-1|


visiting(1,9)

[Lmap.Tile;@c26a30toVisit : (18,2) [41] ; (17,2) [42] ; (16,2) [43] ; (15,2) [44] ; (14,2) [45] ; (13,2) [46] ; (12,2) [47] ; (11,2) [48] ; (10,2) [49] ; (9,2) [50] ; (8,2) [51] ; (7,2) [52] ; (6,2) [53] ; (5,2) [54] ; (4,2) [55] ; (3,2) [56] ; (2,2) [57] ; (2,3) [80] ; (2,4) [81] ; (2,5) [82] ; (2,6) [83] ; (2,7) [84] ; (2,8) [85] ; (2,9) [86] ; (1,10) [66] ; 

   0 |1 |2 |3 |4 |5 |6 |7 |8 |9 |10|11|12|13|14|

0  -1|-1|-1|-1|-1|-1|-1|-1|-1|-1|-1|-1|-1|-1|-1|

1  -1|37|58|59|60|61|62|63|64|65|66| 1| 1| 1|-1|

2  -1|36|57|80|81|82|83|84|85|86| 1| 1| 1| 1|-1|

3  -1|35|56| 1| 1| 1| 1| 1| 1| 1| 1| 1| 1| 1|-1|

4  -1|34|55| 1| 1| 1| 1| 1| 1| 1| 1| 1| 1| 1|-1|

5  -1|33|54| 1| 1| 1| 1| 1| 1| 1| 1| 1| 1| 1|-1|

6  -1|32|53| 1| 1| 1| 1| 1| 1| 1| 1| 1| 1| 1|-1|

7  -1|31|52| 1| 1| 1| 1| 1| 1| 1| 1| 1| 1| 1|-1|

8  -1|30|51| 1| 1| 1| 1| 1| 1| 1| 1| 1| 1| 1|-1|

9  -1|29|50| 1| 1| 1| 1| 1| 1| 1| 1| 1| 1| 1|-1|

10 -1|28|49| 1| 1| 1| 1| 1| 1| 1| 1| 1| 1| 1|-1|

11 -1|27|48| 1| 1| 1| 1| 1| 1| 1| 1| 1| 1| 1|-1|

12 -1|26|47| 1| 1| 1| 1| 1| 1| 1| 1| 1| 1| 1|-1|

13 -1|25|46| 1| 1| 1| 1| 1| 1| 1| 1| 1| 1| 1|-1|

14 -1|24|45| 1| 1| 1| 1| 1| 1| 1| 1| 1| 1| 1|-1|

15 -1|23|44| 1| 1| 1| 1| 1| 1| 1| 1| 1| 1| 1|-1|

16 -1|22|43| 1| 1| 1| 1| 1| 1| 1| 1| 1| 1| 1|-1|

17 -1|21|42| 1| 1| 1| 1| 1| 1| 1| 1| 1| 1| 1|-1|

18 -1| 0|41| 1| 1| 1| 1| 1| 1| 1| 1| 1| 1| 1|-1|

19 -1|-1|-1|-1|-1|-1|-1|-1|-1|-1|-1|-1|-1|-1|-1|


visiting(1,10)

[Lmap.Tile;@c26a30toVisit : (18,2) [41] ; (17,2) [42] ; (16,2) [43] ; (15,2) [44] ; (14,2) [45] ; (13,2) [46] ; (12,2) [47] ; (11,2) [48] ; (10,2) [49] ; (9,2) [50] ; (8,2) [51] ; (7,2) [52] ; (6,2) [53] ; (5,2) [54] ; (4,2) [55] ; (3,2) [56] ; (2,2) [57] ; (2,3) [80] ; (2,4) [81] ; (2,5) [82] ; (2,6) [83] ; (2,7) [84] ; (2,8) [85] ; (2,9) [86] ; (2,10) [87] ; (1,11) [67] ; 

   0 |1 |2 |3 |4 |5 |6 |7 |8 |9 |10|11|12|13|14|

0  -1|-1|-1|-1|-1|-1|-1|-1|-1|-1|-1|-1|-1|-1|-1|

1  -1|37|58|59|60|61|62|63|64|65|66|67| 1| 1|-1|

2  -1|36|57|80|81|82|83|84|85|86|87| 1| 1| 1|-1|

3  -1|35|56| 1| 1| 1| 1| 1| 1| 1| 1| 1| 1| 1|-1|

4  -1|34|55| 1| 1| 1| 1| 1| 1| 1| 1| 1| 1| 1|-1|

5  -1|33|54| 1| 1| 1| 1| 1| 1| 1| 1| 1| 1| 1|-1|

6  -1|32|53| 1| 1| 1| 1| 1| 1| 1| 1| 1| 1| 1|-1|

7  -1|31|52| 1| 1| 1| 1| 1| 1| 1| 1| 1| 1| 1|-1|

8  -1|30|51| 1| 1| 1| 1| 1| 1| 1| 1| 1| 1| 1|-1|

9  -1|29|50| 1| 1| 1| 1| 1| 1| 1| 1| 1| 1| 1|-1|

10 -1|28|49| 1| 1| 1| 1| 1| 1| 1| 1| 1| 1| 1|-1|

11 -1|27|48| 1| 1| 1| 1| 1| 1| 1| 1| 1| 1| 1|-1|

12 -1|26|47| 1| 1| 1| 1| 1| 1| 1| 1| 1| 1| 1|-1|

13 -1|25|46| 1| 1| 1| 1| 1| 1| 1| 1| 1| 1| 1|-1|

14 -1|24|45| 1| 1| 1| 1| 1| 1| 1| 1| 1| 1| 1|-1|

15 -1|23|44| 1| 1| 1| 1| 1| 1| 1| 1| 1| 1| 1|-1|

16 -1|22|43| 1| 1| 1| 1| 1| 1| 1| 1| 1| 1| 1|-1|

17 -1|21|42| 1| 1| 1| 1| 1| 1| 1| 1| 1| 1| 1|-1|

18 -1| 0|41| 1| 1| 1| 1| 1| 1| 1| 1| 1| 1| 1|-1|

19 -1|-1|-1|-1|-1|-1|-1|-1|-1|-1|-1|-1|-1|-1|-1|


visiting(1,11)

[Lmap.Tile;@c26a30toVisit : (18,2) [41] ; (17,2) [42] ; (16,2) [43] ; (15,2) [44] ; (14,2) [45] ; (13,2) [46] ; (12,2) [47] ; (11,2) [48] ; (10,2) [49] ; (9,2) [50] ; (8,2) [51] ; (7,2) [52] ; (6,2) [53] ; (5,2) [54] ; (4,2) [55] ; (3,2) [56] ; (2,2) [57] ; (2,3) [80] ; (2,4) [81] ; (2,5) [82] ; (2,6) [83] ; (2,7) [84] ; (2,8) [85] ; (2,9) [86] ; (2,10) [87] ; (2,11) [88] ; (1,12) [68] ; 

   0 |1 |2 |3 |4 |5 |6 |7 |8 |9 |10|11|12|13|14|

0  -1|-1|-1|-1|-1|-1|-1|-1|-1|-1|-1|-1|-1|-1|-1|

1  -1|37|58|59|60|61|62|63|64|65|66|67|68| 1|-1|

2  -1|36|57|80|81|82|83|84|85|86|87|88| 1| 1|-1|

3  -1|35|56| 1| 1| 1| 1| 1| 1| 1| 1| 1| 1| 1|-1|

4  -1|34|55| 1| 1| 1| 1| 1| 1| 1| 1| 1| 1| 1|-1|

5  -1|33|54| 1| 1| 1| 1| 1| 1| 1| 1| 1| 1| 1|-1|

6  -1|32|53| 1| 1| 1| 1| 1| 1| 1| 1| 1| 1| 1|-1|

7  -1|31|52| 1| 1| 1| 1| 1| 1| 1| 1| 1| 1| 1|-1|

8  -1|30|51| 1| 1| 1| 1| 1| 1| 1| 1| 1| 1| 1|-1|

9  -1|29|50| 1| 1| 1| 1| 1| 1| 1| 1| 1| 1| 1|-1|

10 -1|28|49| 1| 1| 1| 1| 1| 1| 1| 1| 1| 1| 1|-1|

11 -1|27|48| 1| 1| 1| 1| 1| 1| 1| 1| 1| 1| 1|-1|

12 -1|26|47| 1| 1| 1| 1| 1| 1| 1| 1| 1| 1| 1|-1|

13 -1|25|46| 1| 1| 1| 1| 1| 1| 1| 1| 1| 1| 1|-1|

14 -1|24|45| 1| 1| 1| 1| 1| 1| 1| 1| 1| 1| 1|-1|

15 -1|23|44| 1| 1| 1| 1| 1| 1| 1| 1| 1| 1| 1|-1|

16 -1|22|43| 1| 1| 1| 1| 1| 1| 1| 1| 1| 1| 1|-1|

17 -1|21|42| 1| 1| 1| 1| 1| 1| 1| 1| 1| 1| 1|-1|

18 -1| 0|41| 1| 1| 1| 1| 1| 1| 1| 1| 1| 1| 1|-1|

19 -1|-1|-1|-1|-1|-1|-1|-1|-1|-1|-1|-1|-1|-1|-1|


visiting(1,12)

[Lmap.Tile;@c26a30toVisit : (18,2) [41] ; (17,2) [42] ; (16,2) [43] ; (15,2) [44] ; (14,2) [45] ; (13,2) [46] ; (12,2) [47] ; (11,2) [48] ; (10,2) [49] ; (9,2) [50] ; (8,2) [51] ; (7,2) [52] ; (6,2) [53] ; (5,2) [54] ; (4,2) [55] ; (3,2) [56] ; (2,2) [57] ; (2,3) [80] ; (2,4) [81] ; (2,5) [82] ; (2,6) [83] ; (2,7) [84] ; (2,8) [85] ; (2,9) [86] ; (2,10) [87] ; (2,11) [88] ; (2,12) [89] ; (1,13) [69] ; 

   0 |1 |2 |3 |4 |5 |6 |7 |8 |9 |10|11|12|13|14|

0  -1|-1|-1|-1|-1|-1|-1|-1|-1|-1|-1|-1|-1|-1|-1|

1  -1|37|58|59|60|61|62|63|64|65|66|67|68|69|-1|

2  -1|36|57|80|81|82|83|84|85|86|87|88|89| 1|-1|

3  -1|35|56| 1| 1| 1| 1| 1| 1| 1| 1| 1| 1| 1|-1|

4  -1|34|55| 1| 1| 1| 1| 1| 1| 1| 1| 1| 1| 1|-1|

5  -1|33|54| 1| 1| 1| 1| 1| 1| 1| 1| 1| 1| 1|-1|

6  -1|32|53| 1| 1| 1| 1| 1| 1| 1| 1| 1| 1| 1|-1|

7  -1|31|52| 1| 1| 1| 1| 1| 1| 1| 1| 1| 1| 1|-1|

8  -1|30|51| 1| 1| 1| 1| 1| 1| 1| 1| 1| 1| 1|-1|

9  -1|29|50| 1| 1| 1| 1| 1| 1| 1| 1| 1| 1| 1|-1|

10 -1|28|49| 1| 1| 1| 1| 1| 1| 1| 1| 1| 1| 1|-1|

11 -1|27|48| 1| 1| 1| 1| 1| 1| 1| 1| 1| 1| 1|-1|

12 -1|26|47| 1| 1| 1| 1| 1| 1| 1| 1| 1| 1| 1|-1|

13 -1|25|46| 1| 1| 1| 1| 1| 1| 1| 1| 1| 1| 1|-1|

14 -1|24|45| 1| 1| 1| 1| 1| 1| 1| 1| 1| 1| 1|-1|

15 -1|23|44| 1| 1| 1| 1| 1| 1| 1| 1| 1| 1| 1|-1|

16 -1|22|43| 1| 1| 1| 1| 1| 1| 1| 1| 1| 1| 1|-1|

17 -1|21|42| 1| 1| 1| 1| 1| 1| 1| 1| 1| 1| 1|-1|

18 -1| 0|41| 1| 1| 1| 1| 1| 1| 1| 1| 1| 1| 1|-1|

19 -1|-1|-1|-1|-1|-1|-1|-1|-1|-1|-1|-1|-1|-1|-1|


visiting(1,13)

